SCZ_alpha0[1] 0.0334204577558549 0.0124961254767222 0.0816701470724212 0.482861121016587 -6.96803952099379 1.60693977652989e-12
SCZ_hyperGammaMeanDN[1] 1.72212123072955 1.00191607680173 6.44207111134098 1.80509049584729 0.954035952597053 0.170032721979868
SCZ_hyperGammaMeanDN[2] 2.00721831372119 1.01219241495033 7.45668234995499 2.15566618908647 0.931135963389495 0.175891618769619
SCZ_hyperGammaMeanDN[3] 24.0789973848902 9.20109788625263 53.4796948183124 11.9320971228097 2.01800212796291 0.021795519852872
SCZ_hyperBetaDN[1] 3.82602562234396 3.82602562234396 3.82602562234396 87.1353830110599 0.0439089780767743 0.482488479367177
SCZ_hyperBetaDN[2] 2.42303423176288 2.42303423176288 2.42303423176288 68.7664582930678 0.0352356990880123 0.485945898070007
SCZ_hyperBetaDN[3] 0.81947505001538 0.81947505001538 0.81947505001538 0.0197987493398758 41.3902431889933 0
DD_alpha0[1] 0.0367780078749168 0.0317587737121687 0.0453436988213859 0.0932905204773015 -35.0023114406916 1.03741768818628e-268
DD_hyperGammaMeanDN[1] 50.5919482961706 34.3419872485725 67.0029506289784 7.88387360592058 6.41714350394676 6.9427511641653e-11
DD_hyperGammaMeanDN[2] 29.2521485140904 18.8732586457572 41.3814357003006 5.80666372217283 5.03768599555553 2.35596803106112e-07
DD_hyperBetaDN[1] 0.809950719106339 0.809950719106339 0.809950719106339 0.00158569901638692 510.784651271238 0
DD_hyperBetaDN[2] 0.817651746847366 0.817651746847366 0.817651746847366 0.00524325412233193 155.943566298808 0
ID_alpha0[1] 0.0323564361127477 0.0242091581348787 0.0433557851975523 0.153228616875588 -22.1763461420684 2.90555119541695e-109
ID_hyperGammaMeanDN[1] 74.6810070273087 47.5838267455119 101.236320369575 12.9203493476921 5.78010741177432 3.73264738545067e-09
ID_hyperGammaMeanDN[2] 34.0255930770322 21.1123485441216 50.4749268513631 7.65185294228549 4.44671288558106 4.35971265630898e-06
ID_hyperBetaDN[1] 0.80753982349848 0.80753982349848 0.80753982349848 0.000908429829257175 888.940232355433 0
ID_hyperBetaDN[2] 0.814486583537753 0.814486583537753 0.814486583537753 0.0046450409036569 175.34540608599 0
EPI_alpha0[1] 0.0153687907210686 0.00821680248262561 0.0273423646116405 0.299049845789363 -13.9104846440559 2.73537463729627e-44
EPI_hyperGammaMeanDN[1] 134.217294739603 77.5997910385887 230.484050812144 39.0796209602664 3.43445743437651 0.000296870656564736
EPI_hyperGammaMeanDN[2] 18.9838647849761 6.67438149619255 39.2657102381345 8.59620196901632 2.20840143744882 0.0136081508454418
EPI_hyperBetaDN[1] 0.805798130912646 0.805798130912646 0.805798130912646 0.000441777152742049 1823.9923135707 0
EPI_hyperBetaDN[2] 0.829513156013888 0.829513156013888 0.829513156013888 0.0386748173726901 21.4484052508969 2.36288821285721e-102
ASD_alpha0[1] 0.0642140410055742 0.0429342872305345 0.0908389026193055 0.20921346967886 -12.8058909596822 7.59857285370158e-38
ASD_hyperGammaMeanDN[1] 15.1807751124534 7.59781941064231 24.094698511291 4.16340838281238 3.64623734129074 0.000133054105110239
ASD_hyperGammaMeanDN[2] 5.90630217020036 2.80526663946014 11.6941342921009 2.44709313245108 2.41359925859644 0.00789791241299137
ASD_hyperBetaDN[1] 0.846883495839461 0.846883495839461 0.846883495839461 0.0327020247714758 25.8969743236863 3.60169282139569e-148
ASD_hyperBetaDN[2] 1.01489489183864 1.01489489183864 1.01489489183864 0.276849987677872 3.66586576489042 0.000123251604883867
CHD_alpha0[1] 0.0764214267203906 0.0387369109599299 0.159268620809413 0.390539315544038 -6.38090114768007 8.80244626742325e-11
CHD_hyperGammaMeanDN[1] 18.3781336170364 7.31179039353549 36.6776144989447 7.85138413904434 2.3407507888505 0.00962250416648204
CHD_hyperGammaMeanDN[2] 3.34614318405618 1.1442403939738 9.7924921728553 2.46260360309172 1.35878270455513 0.0871077277360376
CHD_hyperBetaDN[1] 0.829780250034536 0.829780250034536 0.829780250034536 0.0392096669693487 21.1626446784973 1.05523413482868e-99
CHD_hyperBetaDN[2] 1.28730964450139 1.28730964450139 1.28730964450139 19.7557479699619 0.0651612708594336 0.47402279847055
